100 0.975
600 0.920833
1100 0.939773
1600 0.938281
2100 0.956548
2600 0.962019
3100 0.939919
3600 0.949653
4100 0.944512
4600 0.947554
5100 0.945833
5600 0.946875
6100 0.936066
6600 0.931439
7100 0.948415
7600 0.945066
8100 0.933642
8600 0.946657
9100 0.950275
9600 0.939714
10100 0.941089
10600 0.948349
11100 0.94268
11600 0.942026
12100 0.935124
12600 0.949206
13100 0.940267
13600 0.943934
14100 0.945833
14600 0.948716
15100 0.943129
15600 0.944952
16100 0.948059
16600 0.936069
17100 0.943275
17600 0.949148
18100 0.944613
18600 0.935551
19100 0.934228
19600 0.942921
20100 0.936629
20600 0.950061
21100 0.943661
21600 0.940683
22100 0.94836
22600 0.937998
23100 0.945996
23600 0.949417
24100 0.945799
24600 0.948171
25100 0.942928
25600 0.944092
26100 0.943151
26600 0.945442
27100 0.942251
27600 0.938134
28100 0.944662
28600 0.942045
29100 0.944845
29600 0.939147
30100 0.947508
30600 0.943382
31100 0.94992
31600 0.947943
32100 0.944743
32600 0.945399
33100 0.947621
33600 0.945908
34100 0.947067
34600 0.943136
35100 0.945726
35600 0.938729
36100 0.936911
36600 0.948702
37100 0.946732
37600 0.943783
38100 0.940551
38600 0.943588
39100 0.943542
39600 0.944129
40100 0.943111
40600 0.944243
41100 0.945894
41600 0.949669
42100 0.943795
42600 0.945188
43100 0.944026
43600 0.942804
44100 0.938209
44600 0.948038
45100 0.945593
45600 0.948163
46100 0.943818
46600 0.946513
47100 0.94302
47600 0.946612
48100 0.944647
48600 0.941667
49100 0.940199
49600 0.944279
50100 0.945559
50600 0.946122
51100 0.944692
51600 0.944913
52100 0.950336
52600 0.944677
53100 0.944915
53600 0.942234
54100 0.945263
54600 0.949313
55100 0.944215
55600 0.947122
56100 0.945254
56600 0.942314
57100 0.944024
57600 0.945443
58100 0.942922
58600 0.943942
59100 0.945749
59600 0.944987
60100 0.944988
60600 0.93717
61100 0.941939
61600 0.944683
62100 0.945572
62600 0.948303
63100 0.943641
63600 0.9432
64100 0.938729
64600 0.944698
65100 0.945353
65600 0.946951
66100 0.948109
66600 0.948236
67100 0.942269
67600 0.942659
68100 0.948366
68600 0.9416
69100 0.943108
69600 0.941846
70100 0.944454
70600 0.944706
71100 0.944796
71600 0.945461
72100 0.943377
72600 0.945489
73100 0.943895
73600 0.943071
74100 0.947368
74600 0.940516
75100 0.945023
75600 0.942923
76100 0.944744
76600 0.947046
77100 0.944293
77600 0.945876
78100 0.94371
78600 0.946438
79100 0.941877
79600 0.942981
80100 0.945521
80600 0.945022
81100 0.943634
81600 0.944884
82100 0.940941
82600 0.945415
83100 0.944359
83600 0.941896
84100 0.947221
84600 0.944504
85100 0.945006
85600 0.944071
86100 0.946821
86600 0.947532
87100 0.940973
87600 0.943522
88100 0.942551
88600 0.942184
89100 0.945932
89600 0.942467
90100 0.944007
90600 0.941253
91100 0.941808
91600 0.941717
92100 0.943241
92600 0.947341
93100 0.942951
93600 0.945726
94100 0.940901
94600 0.946036
95100 0.943507
95600 0.942377
96100 0.946956
96600 0.945859
97100 0.946421
97600 0.945633
98100 0.94317
98600 0.941785
99100 0.942772
99600 0.948632