100 1.0375
600 0.972917
1100 0.930682
1600 0.947656
2100 0.931548
2600 0.960577
3100 0.968145
3600 0.935069
4100 0.950915
4600 0.939402
5100 0.96201
5600 0.945982
6100 0.949795
6600 0.935417
7100 0.93838
7600 0.940296
8100 0.942593
8600 0.92936
9100 0.94478
9600 0.93763
10100 0.945668
10600 0.939741
11100 0.933784
11600 0.949138
12100 0.941632
12600 0.941071
13100 0.939695
13600 0.945956
14100 0.942996
14600 0.949829
15100 0.941225
15600 0.944391
16100 0.947205
16600 0.943298
17100 0.941447
17600 0.947798
18100 0.941644
18600 0.94254
19100 0.945288
19600 0.940625
20100 0.944465
20600 0.944357
21100 0.942713
21600 0.94103
22100 0.941742
22600 0.947954
23100 0.944264
23600 0.942585
24100 0.946473
24600 0.952236
25100 0.939691
25600 0.943945
26100 0.94545
26600 0.940883
27100 0.944649
27600 0.940625
28100 0.945374
28600 0.940472
29100 0.940034
29600 0.940498
30100 0.944103
30600 0.95098
31100 0.948232
31600 0.943592
32100 0.944237
32600 0.946971
33100 0.943769
33600 0.943973
34100 0.946921
34600 0.941655
35100 0.939174
35600 0.944136
36100 0.941724
36600 0.945321
37100 0.943868
37600 0.943783
38100 0.943438
38600 0.947927
39100 0.946004
39600 0.94697
40100 0.942924
40600 0.9496
41100 0.942822
41600 0.938612
42100 0.941271
42600 0.947623
43100 0.944983
43600 0.940826
44100 0.94246
44600 0.942629
45100 0.945815
45600 0.947478
46100 0.941486
46600 0.945091
47100 0.942808
47600 0.94312
48100 0.943737
48600 0.942335
49100 0.949033
49600 0.944909
50100 0.939945
50600 0.943207
51100 0.947285
51600 0.942515
52100 0.941003
52600 0.942966
53100 0.947575
53600 0.944846
54100 0.949145
54600 0.943796
55100 0.944555
55600 0.942941
56100 0.945455
56600 0.945981
57100 0.947614
57600 0.947135
58100 0.944923
58600 0.946246
59100 0.943316
59600 0.943247
60100 0.947712
60600 0.941914
61100 0.944579
61600 0.945252
62100 0.942311
62600 0.946146
63100 0.947563
63600 0.945558
64100 0.942882
64600 0.944814
65100 0.942531
65600 0.945541
66100 0.947296
66600 0.940597
67100 0.944709
67600 0.944397
68100 0.948807
68600 0.94477
69100 0.945532
69600 0.9419
70100 0.94342
70600 0.946193
71100 0.946853
71600 0.946421
72100 0.942077
72600 0.946006
73100 0.946666
73600 0.943665
74100 0.944214
74600 0.94509
75100 0.944907
75600 0.942956
76100 0.942247
76600 0.944174
77100 0.940791
77600 0.945006
78100 0.938812
78600 0.943162
79100 0.946239
79600 0.940735
80100 0.944991
80600 0.944401
81100 0.944605
81600 0.944148
82100 0.945874
82600 0.94428
83100 0.943035
83600 0.944154
84100 0.945422
84600 0.944075
85100 0.942024
85600 0.943195
86100 0.942146
86600 0.946695
87100 0.94568
87600 0.94462
88100 0.944637
88600 0.943411
89100 0.946591
89600 0.945145
90100 0.94391
90600 0.945419
91100 0.945623
91600 0.947571
92100 0.943621
92600 0.943939
93100 0.945489
93600 0.946261
94100 0.945802
94600 0.941213
95100 0.942482
95600 0.944103
96100 0.946098
96600 0.943116
97100 0.947786
97600 0.942994
98100 0.946916
98600 0.945652
99100 0.942911
99600 0.945771
